64
189
179
749
166
129
169
318
199
199
599
235
56
59
79
9
139
68
49
64
49
39
117
23
56
59
79
124
68
168
471
64
117
194
327
49
189
299
107
134
31
109
99
64
198
339
58
95
9
19
6
7
9
45
15
21
7
11
6
25
45
9
19
120
94
6
53
53
21
45
39
7
25
39
46
42
68
29
74
74
59
9
39
15
38
69
39
49
79
49
49
149
201
299
319
49
399
674
674
49
319
201
79
149
469
1,075
384
208
147
171
39
199
399
119
694
80
444
865
729
99
94
228
219
89
109
69
76
99
99
144
109
154
169
139
99
89
109
154
99
199
109
99
399
157
144
109
179
449
194
169
144
549
159
129
167
99
119
879
129
142
329
133
749
189
499
83
619
213
218
159
366
749
329
619
499
142
1,379
682
1,599
999
629
749
189
419
599
225
133
750
399
213
1,999
679
709
629
319
49
34
34
199
79
49
99
129
129
24
129
249
49
99
29
249
999
1,092
246
307
1,149
509
2,349
559
196
174
349
219
233
209
899
335
692
388
348
149
169
218
412
559
899
692
707
699
579
678
603
649
689
618
697
698
672
785
684
643
608
816
583
655
589
659
1,099
999
119
84
141
354
359
88
1,099
104
82
1,099
369
224
419
480
283
1,009
470
348
285
324
494
193
308
246
307
509
196
174
349
219
233
209
335
388
348
119
149
169
218
412
84
141
354
208
359
509
559
412
540
579
678
517
603
599
369
525
350
419
543
522
618
429
534
520
785
494
580
643
608
999
499
799
799
799
949
149
699
379
1,471
649
2,499
978
229
1,199
1,599
1,799
603
1,199
898
1,799
259
1,999
649
1,754
259
1,799
1,099
1,858
999
899
999
699
957
1,098
998
930
882
795
1,071
1,048
1,149
1,009
978
869
849
684
822
1,199
999
839
949
1,096
308
999
1,092
246
307
1,149
509
2,349
559
196
174
349
219
233
209
899
335
692
388
348
119
149
169
218
692
795
748
707
957
998
599
795
689
618
698
672
869
785
684
608
655
630
729
648
899
889
735
799
308
999
1,092
246
307
1,149
509
2,349
559
196
174
349
219
233
209
899
335
692
388
348
119
149
169
218
308
999
1,092
246
307
1,149
509
2,349
559
196
174
349
219
233
209
899
335
692
388
348
119
149
169
218
308
999
1,092
246
1,149
509
2,349
196
174
349
233
899
335
692
119
149
169
141
795
699
359
144
1,098
278
1,549
1,349
999
879
1,699
1,399
1,949
1,049
2,499
849
899
1,749
1,549
949
1,349
1,949
1,049
1,199
246
196
219
119
149
218
84
208
88
144
149
141
379
104
169
603
599
82
649
192
520
261
174
265
308
1,092
307
509
559
174
349
233
209
335
692
388
348
169
412
1,499
795
748
707
699
957
1,098
398
169
218
412
1,499
84
141
354
208
795
748
707
699
359
88
957
144
1,098
398
278
540
998
149
930
559
89
795
103
173
136
261
187
265
249
239
520
419
1,199
425
1,283
598
1,074
469
607
232
349
189
807
559
795
603
248
2,210
349
520
261
265
419
238
173
1,199
608
425
474
630
187
648
103
349
1,249
89
579
141
678
379
1,899
399
1,471
239
1,099
517
104
169
603
599
82
1,099
1,899
1,199
369
525
350
795
1,496
308
246
80
88
307
230
119
219
149
170
208
209
999
1,092
1,149
2,349
196
349
899
335
692
169
141
699
308
999
1,092
246
307
1,149
509
2,349
1,099
196
174
349
219
233
209
899
335
692
999
388
348
119
149
169
999
1,092
1,149
2,349
1,099
1,499
957
1,098
998
930
1,899
1,471
1,099
1,099
1,899
1,199
1,496
1,071
1,765
2,499
1,236
2,210
1,048
149
219
208
196
104
308
899
354
359
369
480
1,009
470
348
324
494
580
429
684
1,498
1,044
839
334
494
1,249
859
1,169
778
337
834
119
174
196
308
83
104
392
169
246
299
149
199
388
308
348
335
398
278
392
169
246
299
149
199
692
742
308
698
707
664
392
169
246
299
149
199
348
308
398
388
335
422
392
169
246
299
149
199
209
308
170
169
198
392
169
246
299
149
199
349
308
360
388
196
335
254
335
308
388
398
250
298
392
169
246
299
149
199
230
219
144
308
209
160
392
169
246
299
149
199
219
308
196
230
278
170
392
169
246
299
149
199
170
169
308
209
119
160
392
169
246
299
149
199
559
585
795
630
425
196
308
119
209
219
230
509
308
349
543
196
170
392
169
246
299
149
199
1,092
308
645
699
1,314
392
169
246
299
149
199
307
308
349
335
388
748
308
603
349
543
998
246
308
219
230
209
144
392
169
246
299
149
199
308
246
80
88
307
230
119
219
149
170
208
209
308
999
1,092
246
307
1,149
509
2,349
559
1,099
196
174
349
219
233
209
899
335
692
999
388
348
119
149
308
349
209
279
348
219
39
49
99
79
308
49
49
129
149
201
299
319
99
308
674
129
49
319
201
79
149
999
469
1,075
384
1,092
246
307
1,149
208
509
2,349
749
147
171
559
80
83
104
83
141
72
392
169
246
299
149
199
88
80
83
119
104
83
208
196
230
219
209
308
392
169
246
299
149
199
307
349
399
349
785
603
449
669
596
392
169
246
299
149
199
1,999
308
1,799
1,399
1,999
699
308
707
645
669
379
308
219
229
998
1,999
392
169
246
299
149
199
392
169
246
299
149
199
1,999
1,499
1,699
308
1,299
2,199
229
308
209
196
80
302
392
169
246
299
149
199
1,149
308
939
335
998
879
795
559
799
349
1,199
449
998
1,199
1,161
785
308
839
392
169
246
299
149
199
18
11
18
18
39
24
43
14
6
44
14
33
20
24
46
27
28
30
19
4
8
25
14
10
15
36
28
35
7
25
10
3
28
7
9
18
33
30
6
6
25
2
6
23
24
36
20
11
13
13
22
16
39
3
41
40
6
11
11
12
17
3
47
9
11
12
7
3
2
6
12
46
34
49
24
24
48
38
27
25
149
98
175
13
15
39
125
25
89
32
100
8
36
16
48
8
24
101
399
19
54
29
12
149
44
79
16
3
75
14
29
19
24
114
54
4
22
25
17
105
12
49
8
10
19
12
14
96
129
11
19
12
18
12
7
799
17
23
31
32
12
3
14
47
15
14
14
14
14
14
14
14
14
14
15
13
13
14
14
14
14
308
999
1,092
246
307
1,149
509
2,349
559
196
174
349
219
233
209
899
335
692
388
348
149
169
218
412
